n0=0.50106;
n1=0.498959;
n1n0=0.0325966;
