n0=0.502497;
n1=0.497531;
n1n0=0.0407383;
