n0=0.499775;
n1=0.50023;
n1n0=0.138079;
