n0=0.499479;
n1=0.500494;
n1n0=0.0975551;
