     1     1      0.00000000
     1     2      4.98443956
     1     3      4.98443956
     1     4      4.73756044
     1     5      4.73756044
     1     6      5.37314286
     1     7      5.11400733
     1     8      5.11400733
     1     9      4.94942125
     1    10      4.94942125
     2     1      4.98443956
     2     2      0.00000000
     2     3      4.81985348
     2     4      4.81985348
     2     5      4.81985348
     2     6      5.11400733
     2     7      5.37314286
     2     8      5.00428327
     2     9      5.00428327
     2    10      5.00428327
     3     1      4.98443956
     3     2      4.81985348
     3     3      0.00000000
     3     4      4.81985348
     3     5      4.81985348
     3     6      5.11400733
     3     7      5.00428327
     3     8      5.37314286
     3     9      5.00428327
     3    10      5.00428327
     4     1      4.73756044
     4     2      4.81985348
     4     3      4.81985348
     4     4      0.00000000
     4     5      5.06673260
     4     6      4.94942125
     4     7      5.00428327
     4     8      5.00428327
     4     9      5.37314286
     4    10      5.16886935
     5     1      4.73756044
     5     2      4.81985348
     5     3      4.81985348
     5     4      5.06673260
     5     5      0.00000000
     5     6      4.94942125
     5     7      5.00428327
     5     8      5.00428327
     5     9      5.16886935
     5    10      5.37314286
     6     1      5.37314286
     6     2      5.11400733
     6     3      5.11400733
     6     4      4.94942125
     6     5      4.94942125
     6     6      0.00000000
     6     7      4.98443956
     6     8      4.98443956
     6     9      4.73756044
     6    10      4.73756044
     7     1      5.11400733
     7     2      5.37314286
     7     3      5.00428327
     7     4      5.00428327
     7     5      5.00428327
     7     6      4.98443956
     7     7      0.00000000
     7     8      4.81985348
     7     9      4.81985348
     7    10      4.81985348
     8     1      5.11400733
     8     2      5.00428327
     8     3      5.37314286
     8     4      5.00428327
     8     5      5.00428327
     8     6      4.98443956
     8     7      4.81985348
     8     8      0.00000000
     8     9      4.81985348
     8    10      4.81985348
     9     1      4.94942125
     9     2      5.00428327
     9     3      5.00428327
     9     4      5.37314286
     9     5      5.16886935
     9     6      4.73756044
     9     7      4.81985348
     9     8      4.81985348
     9     9      0.00000000
     9    10      5.06673260
    10     1      4.94942125
    10     2      5.00428327
    10     3      5.00428327
    10     4      5.16886935
    10     5      5.37314286
    10     6      4.73756044
    10     7      4.81985348
    10     8      4.81985348
    10     9      5.06673260
    10    10      0.00000000
