n0=0.499728;
n1=0.500359;
n1n0=0.133553;
