n0=0.500204;
n1=0.499738;
n1n0=0.137857;
